EditorCol_Primary1: [0.505532086, 0.595090985, 0.736318409, 1]
EditorCol_Primary2: [0.855721414, 0.855721414, 0.855721414, 1]
EditorCol_Primary3: [1, 1, 1, 1]
EditorCol_Secondary1: [0.907205284, 0.937616825, 0.975124359, 1]
EditorCol_Secondary2: [0.912452638, 0.929050446, 0.955223858, 1]
EditorCol_Accent1: [0.200000003, 0.600000024, 0.150000006, 1]
EditorCol_Accent2: [0.300000012, 0.300000012, 0.300000012, 1]
EditorCol_Text1: [0.189054728, 0.189054728, 0.189054728, 1]
EditorCol_Text2: [0.283582091, 0.283582091, 0.283582091, 1]
EditorCol_Background1: [0.965174139, 0.984926105, 1, 1]
EditorCol_Background2: [0.960198998, 0.960198998, 0.960198998, 1]
EditorCol_Error: [0.800000012, 0.200000003, 0.200000003, 1]
EditorCol_Warning: [1, 0.649999976, 0, 1]
EditorCol_Success: [0.200000003, 0.600000024, 0.200000003, 1]
EditorCol_X: [0.800000012, 0.200000003, 0.200000003, 1]
EditorCol_Y: [0.200000003, 0.800000012, 0.200000003, 1]
EditorCol_Z: [0.200000003, 0.200000003, 0.800000012, 1]